***
1,1,0
1,1,-90
1,1,0
1,1,-90
1,1,-90
1,1,0
0,1,-90
***
0,1,-90
1,1.4144136,135
1,1,-135
1,1,0
1,1,180
1,1,0
1,0,-90
***
1,1,0
1,1,-90
1,1.4144136,-45
1,1,135
1,1,180
1,1.4144136,-135
1,1,45
1,0,-90
***
1,1,1
1,1.4144136,-135
1,1,135
1,1.4144136,-135
1,1.4144136,180
1,1,135
1,1.4144136,-135
1,0,-45
***
1,0,-90
1,1,0
1,1,90
1,1,-90
1,2,180
1,0,-90
***
1,1,0
1,1,180
1,1,90
1,1,90
1,1,-90
1,1,-90
1,1,180
0,2,90
1,0,-90
***
0,1,-90
1,1,0
1,1,90
1,1,90
1,1,90
1,1.4144136,-135
1,0,-45
***
1,1,0
1,1.4144136,-135
1,1,45
1,1,180
1,1.4144136,-45
1,0,-45
***
1,1,0
1,1,-90
1,1,-90
1,1,90
1,1,90
1,1,90
1,1,90
1,1,-90
1,1,-90
***
1,1,-90
1,1,90
1,1.4144136,-135
1,1.4144136,180
1,1,45
1,1,90
1,1,180
